loading data...
Dataset information:
authors:5000
papers:28569
venues:20
APA using pathsim:
author name:
AnHai Doan

paper list
[272, 1685, 2272, 2512, 2910, 5059, 5758, 8825, 10928, 11609, 13223, 13396, 14566, 19372, 20548, 21698, 22575, 22577, 22680, 23807, 24715, 24716, 27331, 27374, 28086, 28500]
topk：
author name:
AnHai Doan

paper list:
[272, 1685, 2272, 2512, 2910, 5059, 5758, 8825, 10928, 11609, 13223, 13396, 14566, 19372, 20548, 21698, 22575, 22577, 22680, 23807, 24715, 24716, 27331, 27374, 28086, 28500]
co-author paper list:
[24715, 24716, 272, 1685, 22680, 13223, 19372, 22575, 10928, 22577, 28086, 21698, 5059, 20548, 27331, 2512, 13396, 28500, 11609, 2910, 2272, 14566, 27374, 8825, 5758, 23807]
co-author paper number:
26
author name:
Warren Shen

paper list:
[1685, 2512, 10928, 13223, 14566, 22577, 22680, 27374]
co-author paper list:
[14566, 13223, 27374, 2512, 10928, 22577, 1685, 22680]
co-author paper number:
8
author name:
Pedro DeRose

paper list:
[1685, 10928, 14566, 27374]
co-author paper list:
[10928, 14566, 1685, 27374]
co-author paper number:
4
author name:
Robert McCann

paper list:
[2512, 14566, 22680, 27331]
co-author paper list:
[2512, 27331, 22680, 14566]
co-author paper number:
4
author name:
Wensheng Wu

paper list:
[357, 1407, 5059, 8825, 12969, 17486, 25093, 28500]
co-author paper list:
[8825, 5059, 28500]
co-author paper number:
3
author name:
Alon Y. Halevy

paper list:
[272, 293, 751, 2910, 4229, 4973, 6395, 7783, 7790, 8796, 9249, 13197, 14375, 15385, 15561, 15685, 16888, 17125, 17376, 17485, 19395, 21650, 21698, 21902, 21903, 22220, 24515, 24693, 24715, 25675, 25855, 26689, 26691, 28086]
co-author paper list:
[21698, 24715, 272, 28086, 2910]
co-author paper number:
5
author name:
Raghu Ramakrishnan

paper list:
[169, 172, 969, 1302, 1394, 1541, 2272, 2959, 3107, 3110, 3165, 4060, 4063, 4281, 4303, 4627, 5241, 5273, 5545, 5906, 6204, 6378, 6432, 6773, 6791, 7117, 7118, 7309, 7442, 7869, 8932, 10257, 10495, 10928, 10972, 11102, 11386, 12562, 12575, 12788, 12792, 13043, 13129, 13454, 14076, 14197, 14290, 14310, 14496, 14566, 14621, 15335, 15762, 15813, 15819, 16076, 16695, 16835, 17963, 18165, 18353, 18788, 18813, 19084, 19198, 19221, 19711, 21391, 22347, 22575, 22577, 22581, 22976, 23154, 23530, 23957, 24082, 24083, 24321, 24334, 24716, 25050, 25058, 25123, 25673, 26353, 26418, 26532, 26693, 26770, 27374, 28083, 28376, 28408, 28409, 28430]
co-author paper list:
[2272, 14566, 24716, 27374, 22575, 10928, 22577]
co-author paper number:
7
author name:
Jayant Madhavan

paper list:
[2910, 4229, 7376, 7790, 8796, 15561, 20621, 21698, 23005, 26689]
co-author paper list:
[21698, 2910]
co-author paper number:
2
author name:
Luis Gravano

paper list:
[1006, 1473, 1602, 2195, 4967, 4968, 4969, 7220, 9803, 10605, 11387, 11609, 13396, 15251, 16878, 18259, 19309, 19390, 19782, 19825, 20548, 20639, 21638, 21648, 21649, 25979, 28159, 28242, 28244]
co-author paper list:
[11609, 20548, 13396]
co-author paper number:
3
author name:
Shivakumar Vaithyanathan

paper list:
[3107, 3110, 6191, 9463, 10177, 14037, 14040, 15892, 16564, 18996, 21201, 22575, 24716]
co-author paper list:
[24716, 22575]
co-author paper number:
2
APA using pagerank:
author name:
AnHai Doan

paper list
[272, 1685, 2272, 2512, 2910, 5059, 5758, 8825, 10928, 11609, 13223, 13396, 14566, 19372, 20548, 21698, 22575, 22577, 22680, 23807, 24715, 24716, 27331, 27374, 28086, 28500]
topk：
author name:
AnHai Doan

paper list:
[272, 1685, 2272, 2512, 2910, 5059, 5758, 8825, 10928, 11609, 13223, 13396, 14566, 19372, 20548, 21698, 22575, 22577, 22680, 23807, 24715, 24716, 27331, 27374, 28086, 28500]
co-author paper list:
[24715, 24716, 272, 1685, 22680, 13223, 19372, 22575, 10928, 22577, 28086, 21698, 5059, 20548, 27331, 2512, 13396, 28500, 11609, 2910, 2272, 14566, 27374, 8825, 5758, 23807]
co-author paper number:
26
author name:
Philip S. Yu

paper list:
[123, 127, 131, 762, 981, 1106, 1115, 1372, 1377, 1915, 1927, 1943, 2189, 2290, 2341, 2362, 2391, 2423, 2518, 2801, 2862, 2913, 3005, 3007, 3049, 3051, 3408, 3410, 3853, 3857, 3934, 4366, 4411, 4413, 4428, 4556, 4576, 4579, 4696, 5162, 5178, 5247, 5352, 5409, 5503, 5568, 5863, 5968, 5971, 6018, 6411, 6431, 6445, 6649, 6926, 7076, 7222, 7286, 7378, 7457, 7598, 8051, 8342, 8357, 8359, 8690, 8715, 8761, 8762, 9081, 9767, 9938, 10241, 10243, 10244, 10403, 10592, 10633, 11209, 11529, 11534, 11544, 11551, 11612, 11725, 11727, 11729, 11731, 11815, 11861, 11891, 11993, 12186, 12306, 12523, 12649, 12972, 13005, 13655, 13656, 13707, 14028, 14416, 14423, 14466, 14674, 14704, 14705, 14824, 14981, 14991, 14992, 15048, 15064, 15148, 15150, 15199, 15261, 15455, 15525, 15770, 15779, 15886, 15891, 16246, 16428, 16457, 16585, 16612, 17184, 17270, 17379, 17578, 17580, 17660, 17722, 17724, 17978, 18170, 18262, 18264, 18266, 18359, 18636, 18653, 18991, 18999, 19041, 19047, 19053, 19124, 19220, 19356, 19381, 19428, 19431, 19434, 20360, 20550, 20551, 20560, 20841, 20882, 21050, 21444, 21466, 21544, 21722, 22041, 22424, 22455, 22790, 22832, 22867, 23077, 23080, 23092, 23099, 23140, 23266, 23357, 23390, 23856, 23860, 23862, 23938, 23939, 24010, 24072, 24169, 24216, 24519, 24575, 24778, 24780, 24784, 24878, 24903, 25137, 25403, 25706, 25708, 25710, 25720, 26205, 26208, 26355, 26494, 26515, 26628, 26874, 27359, 27661, 27718, 27891, 28504]
co-author paper list:
[]
co-author paper number:
0
author name:
Jiawei Han

paper list:
[359, 1107, 1327, 1376, 1915, 2049, 2064, 2166, 2671, 2804, 2818, 2989, 3049, 3315, 3561, 3742, 3785, 3934, 4126, 4308, 4415, 4417, 4428, 4512, 5205, 5585, 5917, 5968, 6018, 6103, 7474, 7488, 7641, 7642, 7646, 7733, 7840, 8049, 8051, 8265, 8366, 8385, 8460, 8790, 9081, 9421, 9805, 9813, 9830, 9897, 10590, 11026, 11717, 11823, 12186, 12210, 12267, 12306, 12528, 12652, 12707, 12826, 13005, 13053, 13166, 13350, 13356, 13455, 13595, 13820, 13830, 13831, 13832, 13833, 14026, 14028, 14161, 14454, 14574, 14661, 14780, 14863, 14997, 15520, 15560, 15639, 15654, 15717, 15769, 15889, 15971, 16849, 16920, 16921, 16922, 16924, 16925, 16926, 16927, 16928, 17136, 17184, 17212, 17664, 17686, 18264, 18266, 18373, 18376, 18636, 18637, 18638, 18641, 18651, 18817, 18999, 19000, 19360, 19369, 19428, 19431, 19434, 19602, 19986, 20360, 20363, 20428, 21108, 21372, 21455, 21461, 21827, 21839, 22049, 22301, 22424, 22457, 22949, 23458, 23555, 23590, 23699, 23722, 23939, 24478, 24592, 24593, 25088, 25524, 25710, 25720, 26352, 26356, 26360, 26433, 26441, 26446, 26687, 26721, 27155, 27305, 27307, 27716, 27749, 28257, 28302, 28413, 28437]
co-author paper list:
[]
co-author paper number:
0
author name:
Christos Faloutsos

paper list:
[609, 929, 951, 1259, 1687, 1844, 1968, 2350, 2391, 2574, 2576, 2578, 2580, 2715, 2866, 3001, 3170, 3773, 3781, 3782, 3837, 4360, 4764, 5070, 5351, 5421, 5504, 5705, 6233, 6289, 6447, 7007, 7038, 7039, 7158, 7159, 7160, 7161, 7166, 7167, 7617, 7618, 8121, 8124, 8702, 8800, 8810, 9141, 9165, 9929, 10137, 10340, 10471, 10524, 10598, 10787, 10875, 11268, 11390, 11414, 11863, 12063, 12065, 12278, 12402, 12480, 13132, 13286, 13470, 13527, 14423, 14570, 14910, 15056, 15119, 15350, 15937, 16311, 16393, 16409, 16413, 16556, 16570, 16612, 16731, 16763, 17196, 17230, 17285, 17606, 17803, 18595, 18598, 18602, 19288, 19402, 19597, 19674, 19967, 20802, 20954, 21077, 22354, 22355, 22449, 23097, 23265, 23455, 23547, 23570, 23784, 23786, 23788, 23790, 23989, 24000, 24248, 24466, 24595, 24929, 25026, 25096, 25097, 26037, 26993, 27153, 27483, 27884]
co-author paper list:
[]
co-author paper number:
0
author name:
Divesh Srivastava

paper list:
[405, 413, 926, 937, 1051, 1053, 1103, 1339, 1341, 1541, 1602, 2195, 2934, 2957, 2959, 3537, 3779, 4575, 4796, 4797, 5133, 5406, 5574, 6572, 6795, 6833, 7005, 7117, 7118, 7306, 7442, 7905, 8740, 9014, 9174, 9181, 10247, 10779, 10813, 10876, 11255, 11297, 11432, 11890, 11926, 11927, 11988, 11998, 12371, 12373, 12374, 12377, 13364, 13490, 15474, 15813, 15819, 16028, 16089, 16262, 16708, 17519, 17520, 17570, 17574, 17575, 17576, 17605, 17955, 18114, 18259, 18832, 18855, 19824, 20804, 20965, 21275, 21391, 21638, 22456, 22458, 22462, 22552, 23933, 24226, 24911, 25321, 26680, 26771, 26840, 27020, 27022, 27118, 27457, 27496, 27930, 27986, 28021, 28128, 28130, 28262, 28322, 28430]
co-author paper list:
[]
co-author paper number:
0
author name:
Gerhard Weikum

paper list:
[112, 234, 984, 1963, 2299, 2426, 2510, 2991, 3120, 3517, 3586, 4904, 4913, 4935, 5325, 5541, 7662, 8571, 8680, 8992, 9016, 9099, 10227, 10229, 10231, 10651, 10694, 10786, 11078, 11394, 11412, 11583, 11796, 11924, 12117, 12791, 13115, 13197, 13357, 14065, 15175, 15449, 16162, 16196, 16303, 16729, 17317, 17563, 17624, 17926, 18416, 18764, 19500, 19851, 19931, 20240, 20588, 20661, 20876, 21646, 21647, 21995, 22646, 22754, 22755, 23603, 23979, 24644, 24670, 24936, 25491, 25498, 25752, 25957, 26411, 26534, 26788, 26871, 26872, 27099, 27254, 27465, 27620, 27919, 27962, 28167, 28323, 28325, 28470, 28476, 28487, 28509]
co-author paper list:
[]
co-author paper number:
0
author name:
H. V. Jagadish

paper list:
[413, 592, 593, 594, 595, 596, 928, 938, 1310, 1339, 1341, 1342, 1343, 1344, 1687, 1827, 1830, 1831, 1832, 1833, 2018, 2024, 2569, 2957, 3823, 4691, 4982, 4984, 5245, 5259, 5542, 5778, 6345, 7166, 7167, 7811, 8128, 8244, 8655, 9800, 9981, 10137, 10177, 10330, 10729, 10813, 10876, 11255, 11610, 12371, 12373, 12374, 12377, 12378, 12752, 14613, 14894, 15074, 15152, 15532, 15938, 16252, 16855, 17380, 17492, 17571, 17972, 18850, 18852, 18853, 18855, 19087, 19675, 19676, 20611, 20802, 21328, 21493, 21638, 22258, 22716, 22996, 22997, 22998, 23000, 23001, 23002, 23097, 23143, 23456, 23933, 24188, 24509, 24563, 25452, 25469, 25714, 25915, 26486, 27022, 27088, 27118, 27120, 28021, 28249, 28322]
co-author paper list:
[]
co-author paper number:
0
author name:
Rakesh Agrawal

paper list:
[882, 884, 893, 897, 969, 1216, 1221, 1223, 1259, 1595, 1652, 2018, 2024, 2125, 3052, 3395, 3851, 4287, 4288, 4623, 5255, 5257, 5259, 5261, 5263, 5320, 5507, 6235, 6237, 6238, 6583, 6790, 7692, 8655, 8659, 8661, 8665, 9319, 10220, 10330, 10367, 10377, 10472, 10893, 10895, 11101, 11800, 13564, 13814, 13975, 15211, 15252, 15265, 15719, 16303, 16547, 16690, 16712, 16835, 16837, 16855, 17624, 17809, 18270, 18499, 18500, 18502, 18707, 18715, 18830, 19083, 19087, 19216, 19305, 19307, 19357, 19436, 19437, 19439, 19440, 19441, 19442, 19675, 21073, 21625, 21917, 21923, 22140, 22997, 23253, 23255, 23576, 24185, 24187, 24974, 24997, 25953, 26037, 26065, 26167, 26609, 26611, 26613, 26617, 28248, 28541]
co-author paper list:
[]
co-author paper number:
0
author name:
Raghu Ramakrishnan

paper list:
[169, 172, 969, 1302, 1394, 1541, 2272, 2959, 3107, 3110, 3165, 4060, 4063, 4281, 4303, 4627, 5241, 5273, 5545, 5906, 6204, 6378, 6432, 6773, 6791, 7117, 7118, 7309, 7442, 7869, 8932, 10257, 10495, 10928, 10972, 11102, 11386, 12562, 12575, 12788, 12792, 13043, 13129, 13454, 14076, 14197, 14290, 14310, 14496, 14566, 14621, 15335, 15762, 15813, 15819, 16076, 16695, 16835, 17963, 18165, 18353, 18788, 18813, 19084, 19198, 19221, 19711, 21391, 22347, 22575, 22577, 22581, 22976, 23154, 23530, 23957, 24082, 24083, 24321, 24334, 24716, 25050, 25058, 25123, 25673, 26353, 26418, 26532, 26693, 26770, 27374, 28083, 28376, 28408, 28409, 28430]
co-author paper list:
[2272, 14566, 24716, 27374, 22575, 10928, 22577]
co-author paper number:
7
author name:
Hector Garcia-Molina

paper list:
[362, 1149, 1688, 2127, 2513, 2873, 3113, 3205, 3210, 3388, 3567, 4064, 4065, 4066, 4067, 4236, 4680, 5260, 5262, 5548, 6389, 6390, 6722, 6724, 6728, 6774, 6990, 7025, 7123, 7777, 7778, 8084, 8127, 8353, 8558, 8664, 8684, 9143, 9144, 9503, 9811, 10869, 11079, 11080, 11082, 11266, 12118, 12119, 12305, 12627, 13081, 13131, 13825, 13864, 14580, 14628, 15136, 15137, 15138, 15251, 16261, 16546, 17591, 18011, 18013, 18025, 18268, 18298, 19008, 19009, 19028, 19482, 19509, 19679, 19754, 19890, 20592, 20639, 20848, 21568, 21648, 21649, 22183, 22277, 23651, 23666, 24317, 24621, 24731, 24970, 25054, 25057, 25058, 25101, 25106, 25816, 26492, 26730, 26842, 27186]
co-author paper list:
[]
co-author paper number:
0
APVPA using pathsim
topk：
AnHai Doan

Jignesh M. Patel

Xuemin Lin

Balakrishna R. Iyer

Jun Yang

Mohamed F. Mokbel

Jayant R. Haritsa

Walid G. Aref

Ming-Chien Shan

Richard T. Snodgrass

APVPAPVPA using pathsim:
baseline time:
0.33399098862248455
co-clustering done
pruning init time:
38.17370468356359
pruning:3045.0
pruning:3070.0
pruning:3071.0
pruning:4895.0
pruning:4981.0
pruning:4982.0
pruning search time:
39.95209932568622

